# tt
i(vdd)  = -1.02844E-05 A
i(vdd2) = -1.17608E-05 A

# ff
i(vdd)  = -1.11248E-05 A
i(vdd2) = -1.29388E-05 A

# ss
i(vdd)  = -9.43707E-06 A
i(vdd2) = -1.06235E-05 A